success_calib_cnt: 1
total_calib_cnt: 3
calib_0:
  timestamp: 2018-10-24-13-58-27
  successful: true
  all_meas_cnt: 2460
  valid_meas_cnt: 53
  all_segment_cnt: 24
  valid_segment_cnt: 17
  final_cost: 0.006259996680894694
  average_final_cost: 0.0001181131449225414
  this_align_error: 0.1973989537028867
  default_align_error: 6.110149411601502
  previous_align_error: 6.110149411601502
  est_parameter:
    left: 0.1028658732426048
    right: 0.102918462461927
  uncertaity: 0.01257373413075076
  prev_est_parameter:
    left: 0.1
    right: 0.1
  prev_uncertaity: 0.02
  comments: "[Success]"
calib_1:
  timestamp: 2018-10-24-13-58-28
  successful: false
  all_meas_cnt: 1787
  valid_meas_cnt: 67
  all_segment_cnt: 18
  valid_segment_cnt: 13
  final_cost: 0.008134354265441903
  average_final_cost: 0.0001214082726185359
  this_align_error: 0.1509663707295973
  default_align_error: 0.6033551012989947
  previous_align_error: 0.09330892456845133
  est_parameter:
    left: 0.1017541857736273
    right: 0.1017678053336259
  uncertaity: 0.0131555665387212
  prev_est_parameter:
    left: 0.1028658732426048
    right: 0.102918462461927
  prev_uncertaity: 0.01257373413075076
  comments: "[Fail] Do Not get satisfied calibrate result for solver."
calib_2:
  timestamp: 2018-10-24-13-58-28
  successful: false
  all_meas_cnt: 1329
  valid_meas_cnt: 89
  all_segment_cnt: 13
  valid_segment_cnt: 12
  final_cost: 0.01722728511693128
  average_final_cost: 0.0001935650013138346
  this_align_error: 0.1612135856853393
  default_align_error: 0.4270213265159028
  previous_align_error: 0.2016133384783571
  est_parameter:
    left: 0.1041979953611243
    right: 0.1041075245060734
  uncertaity: 0.01316795996856492
  prev_est_parameter:
    left: 0.1028658732426048
    right: 0.102918462461927
  prev_uncertaity: 0.01257373413075076
  comments: "[Fail] Covariance is much worse than prevous or average final cost larger than previous."